4.640000000000000000e+02 5.610000000000000000e+02
4.630000000000000000e+02 5.370000000000000000e+02
4.620000000000000000e+02 5.120000000000000000e+02
4.610000000000000000e+02 4.870000000000000000e+02
4.600000000000000000e+02 4.630000000000000000e+02
4.590000000000000000e+02 4.380000000000000000e+02
4.580000000000000000e+02 4.130000000000000000e+02
4.910000000000000000e+02 5.610000000000000000e+02
4.900000000000000000e+02 5.370000000000000000e+02
4.890000000000000000e+02 5.120000000000000000e+02
4.890000000000000000e+02 4.870000000000000000e+02
4.880000000000000000e+02 4.620000000000000000e+02
4.860000000000000000e+02 4.370000000000000000e+02
4.860000000000000000e+02 4.120000000000000000e+02
5.190000000000000000e+02 5.620000000000000000e+02
5.180000000000000000e+02 5.370000000000000000e+02
5.180000000000000000e+02 5.120000000000000000e+02
5.170000000000000000e+02 4.860000000000000000e+02
5.160000000000000000e+02 4.610000000000000000e+02
5.140000000000000000e+02 4.360000000000000000e+02
5.140000000000000000e+02 4.110000000000000000e+02
5.480000000000000000e+02 5.620000000000000000e+02
5.470000000000000000e+02 5.370000000000000000e+02
5.460000000000000000e+02 5.110000000000000000e+02
5.450000000000000000e+02 4.860000000000000000e+02
5.440000000000000000e+02 4.600000000000000000e+02
5.430000000000000000e+02 4.350000000000000000e+02
5.430000000000000000e+02 4.090000000000000000e+02
5.780000000000000000e+02 5.630000000000000000e+02
5.770000000000000000e+02 5.370000000000000000e+02
5.760000000000000000e+02 5.110000000000000000e+02
5.750000000000000000e+02 4.850000000000000000e+02
5.740000000000000000e+02 4.600000000000000000e+02
5.730000000000000000e+02 4.330000000000000000e+02
5.720000000000000000e+02 4.080000000000000000e+02
