1.350000000000000000e+03 3.000000000000000000e+02
1.125000000000000000e+03 3.000000000000000000e+02
9.000000000000000000e+02 3.000000000000000000e+02
6.750000000000000000e+02 3.000000000000000000e+02
4.500000000000000000e+02 3.000000000000000000e+02
2.250000000000000000e+02 3.000000000000000000e+02
1.575000000000000000e+03 5.000000000000000000e+02
1.350000000000000000e+03 5.000000000000000000e+02
1.125000000000000000e+03 5.000000000000000000e+02
9.000000000000000000e+02 5.000000000000000000e+02
6.750000000000000000e+02 5.000000000000000000e+02
1.575000000000000000e+03 7.000000000000000000e+02
1.350000000000000000e+03 7.000000000000000000e+02
1.125000000000000000e+03 7.000000000000000000e+02
9.000000000000000000e+02 7.000000000000000000e+02
4.500000000000000000e+02 5.000000000000000000e+02
2.250000000000000000e+02 5.000000000000000000e+02
6.750000000000000000e+02 7.000000000000000000e+02
4.500000000000000000e+02 7.000000000000000000e+02
2.250000000000000000e+02 7.000000000000000000e+02
