3.890000000000000000e+02 5.440000000000000000e+02
4.190000000000000000e+02 6.900000000000000000e+02
4.190000000000000000e+02 6.600000000000000000e+02
4.180000000000000000e+02 6.310000000000000000e+02
4.170000000000000000e+02 6.010000000000000000e+02
4.160000000000000000e+02 5.710000000000000000e+02
4.150000000000000000e+02 5.420000000000000000e+02
4.140000000000000000e+02 5.130000000000000000e+02
4.460000000000000000e+02 6.900000000000000000e+02
4.450000000000000000e+02 6.600000000000000000e+02
4.440000000000000000e+02 6.300000000000000000e+02
4.430000000000000000e+02 6.000000000000000000e+02
4.420000000000000000e+02 5.710000000000000000e+02
4.410000000000000000e+02 5.410000000000000000e+02
4.410000000000000000e+02 5.110000000000000000e+02
4.730000000000000000e+02 6.910000000000000000e+02
4.720000000000000000e+02 6.600000000000000000e+02
4.710000000000000000e+02 6.300000000000000000e+02
4.700000000000000000e+02 6.000000000000000000e+02
4.690000000000000000e+02 5.700000000000000000e+02
5.010000000000000000e+02 6.910000000000000000e+02
5.000000000000000000e+02 6.600000000000000000e+02
4.990000000000000000e+02 6.290000000000000000e+02
4.980000000000000000e+02 6.000000000000000000e+02
4.970000000000000000e+02 5.690000000000000000e+02
4.960000000000000000e+02 5.380000000000000000e+02
4.950000000000000000e+02 5.070000000000000000e+02
3.910000000000000000e+02 6.020000000000000000e+02
3.880000000000000000e+02 5.140000000000000000e+02
4.680000000000000000e+02 5.390000000000000000e+02
4.680000000000000000e+02 5.090000000000000000e+02
