6.250000000000000000e+02 6.520000000000000000e+02
5.950000000000000000e+02 6.520000000000000000e+02
5.030000000000000000e+02 6.500000000000000000e+02
5.020000000000000000e+02 6.810000000000000000e+02
4.710000000000000000e+02 6.800000000000000000e+02
5.650000000000000000e+02 6.510000000000000000e+02
5.340000000000000000e+02 6.510000000000000000e+02
4.730000000000000000e+02 6.490000000000000000e+02
6.250000000000000000e+02 6.820000000000000000e+02
5.950000000000000000e+02 6.820000000000000000e+02
5.640000000000000000e+02 6.810000000000000000e+02
5.330000000000000000e+02 6.810000000000000000e+02
