1.350000000000000000e+03 8.100000000000000000e+02
1.125000000000000000e+03 8.100000000000000000e+02
4.500000000000000000e+02 8.100000000000000000e+02
4.500000000000000000e+02 6.100000000000000000e+02
2.250000000000000000e+02 6.100000000000000000e+02
9.000000000000000000e+02 8.100000000000000000e+02
6.750000000000000000e+02 8.100000000000000000e+02
2.250000000000000000e+02 8.100000000000000000e+02
1.350000000000000000e+03 6.100000000000000000e+02
1.125000000000000000e+03 6.100000000000000000e+02
9.000000000000000000e+02 6.100000000000000000e+02
6.750000000000000000e+02 6.100000000000000000e+02
